88
798
395
1096
1653
135
1780
1731
747
1439
1209
1026
1743
174
1004
44
602
332
1331
776
1340
1212
1298
440
193
1228
1463
1711
728
1348
1263
1056
1198
1155
1510
1069
24
795
473
1701
9
1699
1726
292
162
694
286
12
146
1696
1353
865
1456
1219
122
541
222
58
203
99
794
259
683
1732
1660
1629
1344
1311
953
4
840
1279
1521
1358
100
1058
391
1072
553
895
779
244
997
1594
1211
1568
1790
49
1084
1067
671
983
1430
1352
522
725
1376
425
1192
1396
607
630
1062
266
1672
1511
735
166
366
1118
1459
1180
19
540
1251
476
1719
1535
91
1385
1638
1366
878
1584
451
841
1037
283
1142
947
1577
120
1478
1495
397
216
1619
1339
1714
537
767
883
1140
1538
598
1455
521
1051
1013
186
1657
399
1077
1214
90
179
250
1695
1777
438
995
149
322
1458
1323
936
1483
1195
59
1462
1241
1559
273
1509
40
714
232
1537
320
761
1674
919
1517
181
1492
764
685
1755
571
1380
771
864
1540
255
667
1728
1244
209
1514
905
563
1325
261
1554
50
80
629
277
911
1316
1347
173
1014
509
1435
549
363
1646
376
557
604
1377
1330
1746
1300
938
1045
957
346
1649
648
251
337
862
780
151
1317
1565
1093
664
1579
426
929
1464
548
460
1322
1413
348
1747
688
815
1664
156
1258
984
377
1359
881
249
37
1024
1254
455
1171
1697
574
712
543
1086
1782
1438
310
382
1178
1235
1437
252
73
585
1307
41
908
393
1351
333
415
1544
824
71
1581
1303
582
1375
1029
1034
1213
595
1148
802
757
617
1423
463
986
1606
635
1092
499
78
1644
1561
1324
632
646
1686
717
738
784
106
1154
1337
660
138
16
18
1182
408
901
378
1116
638
317
914
215
86
558
1771
564
312
941
587
1035
871
971
147
1090
1496
731
125
1152
1617
1641
1426
1276
566
529
27
1416
600
1335
1599
1364
835
1469
1114
347
1218
1434
52
1167
1
627
931
721
1261
729
379
507
1749
55
1683
1712
207
740
1139
870
1168
1449
991
353
1627
831
1101
1501
133
213
459
182
528
673
1360
1304
1123
1613
806
907
1576
547
817
1470
131
1291
478
777
1628
31
1386
254
1705
175
868
389
829
842
1091
940
1405
807
1645
973
1166
1704
505
1658
912
338
1684
1633
340
1105
464
850
1595
682
103
1541
621
1691
770
975
268
228
1685
1210
1457
32
1270
1063
1536
1289
612
797
23
773
349
1138
1341
1532
1100
1290
64
343
821
206
1432
692
1049
1309
1253
1417
951
1563
580
169
1163
643
194
625
578
468
1204
792
1482
1107
1406
188
400
1271
168
1015
1071
1550
1744
1786
278
1730
1149
1075
1165
1246
550
89
1721
1055
532
1134
1267
1640
410
589
698
360
1519
1741
1420
1017
1529
239
1740
344
0
1255
417
1356
1179
143
641
1147
502
314
245
1384
2
1681
1506
544
608
1499
790
827
552
265
94
1493
280
1207
768
354
1734
877
1756
1489
1332
420
1761
1556
534
185
1549
208
1184
510
708
1362
1433
920
1733
7
355
1485
1262
977
737
655
631
1693
1636
1757
1574
466
129
634
1007
1411
1274
83
1500
1109
405
1698
477
1098
887
985
880
434
1722
1533
517
1368
104
889
736
970
1656
875
515
1564
720
492
1785
1766
998
1313
471
569
990
1087
1288
309
139
467
163
1528
623
527
754
1273
101
669
1203
713
1301
684
1526
141
496
508
77
1395
599
636
891
246
1670
1401
67
830
890
17
158
189
387
69
231
1030
1515
1451
431
730
1094
1596
1188
1286
628
150
855
1275
1393
403
1412
763
1183
718
1736
1654
177
888
832
695
413
10
1724
1033
170
1651
542
1400
693
217
539
918
1200
1590
328
1305
1374
1265
1507
1419
42
1389
588
511
402
1445
1799
1643
33
118
530
1216
652
1523
269
329
1676
1737
362
1343
85
1547
113
48
1187
227
295
441
851
996
240
1294
923
108
1012
298
1444
447
633
724
1085
1546
1099
523
666
1059
677
861
1422
176
866
448
98
1041
187
160
869
620
1190
1119
96
1441
201
945
572
710
551
697
899
1661
1003
687
1381
1783
1038
966
1621
1136
401
1040
1078
381
1796
707
787
26
14
479
873
619
60
480
967
753
1418
371
46
1022
1551
545
398
1196
218
1164
296
226
1688
609
1578
917
1403
275
825
616
490
386
1302
847
1046
1408
1242
1156
1237
1350
526
1428
1466
1446
70
327
364
202
514
65
439
506
703
1176
1220
1678
1050
430
1018
1486
111
1465
443
107
258
819
1512
577
1687
1454
192
429
1124
1794
848
326
1548
481
1378
1367
272
726
680
805
1052
915
61
1135
435
198
1206
935
394
1054
1717
1151
758
1295
489
1789
1795
144
859
1555
472
350
756
1593
102
1252
1387
1497
1404
1589
686
1129
358
257
512
930
1224
959
1784
494
369
1280
1530
1665
1083
993
210
452
1112
1372
411
1718
1616
97
486
1080
368
1230
838
1634
1036
1494
711
424
276
190
745
504
922
1174
575
68
928
1137
561
372
1357
1117
1115
1297
1181
180
1095
288
1703
961
1076
334
1502
927
6
380
1692
484
409
1622
893
1197
1566
1397
449
1479
1675
305
1481
1702
1545
1524
388
1089
1048
1028
1677
1221
615
375
195
140
1292
1751
469
262
1282
1044
1060
412
750
994
1605
260
570
1570
1226
1019
1068
1110
742
1122
404
51
1250
637
1278
1217
1586
1193
1005
762
1603
1571
606
121
1042
1104
161
818
1070
942
1706
650
1229
22
1553
43
485
1752
1453
1329
1520
1659
1143
1639
1399
126
1272
1513
1082
501
1582
1240
769
1607
678
1338
601
1153
1081
1597
1097
247
886
323
1490
1293
987
645
458
837
307
1121
743
828
1287
1066
1504
584
1679
136
124
845
1283
1708
741
949
903
500
1249
183
56
965
926
291
325
531
803
352
1020
1103
1631
383
407
290
1498
1425
1647
1336
1299
1277
224
1231
1223
519
279
1074
1208
727
1632
800
1539
1480
839
559
242
1448
1355
1750
801
356
1725
853
287
212
624
1021
367
321
1630
1002
1315
822
1662
1642
474
34
1778
475
894
944
1318
1680
1371
786
214
1767
1053
833
863
1001
1573
293
15
205
1518
1133
1625
538
308
700
591
836
74
892
906
370
1172
1106
576
1431
885
704
1215
1773
1161
1602
491
1158
282
860
87
1334
516
84
303
1689
513
1120
1185
1402
644
705
1146
233
1236
1239
556
1296
766
618
30
316
1039
1618
95
1145
1739
1720
45
165
128
1452
898
1569
676
579
1729
1057
1624
1587
867
285
1264
1650
874
1522
29
483
783
690
432
428
658
1487
1131
834
1583
533
341
1760
746
816
235
1189
1027
498
313
223
1609
696
436
656
1440
1159
1655
302
1626
904
1531
937
1222
148
1754
445
137
47
1723
270
668
849
35
1572
809
1560
560
1268
1010
1227
1285
1421
734
437
465
1781
1363
199
114
1064
857
1666
1061
53
1588
196
1648
992
117
1592
1016
640
932
1604
813
1793
1394
956
562
221
236
1306
105
1410
1745
1414
649
1409
1128
1600
1474
1772
127
345
702
374
62
659
63
1388
319
1043
359
1073
902
614
1257
1047
115
691
152
1580
858
339
1354
116
554
1436
1392
1762
1333
852
568
706
204
1612
1542
709
1682
1321
1125
1475
810
960
772
1663
524
978
573
271
597
775
373
1668
157
679
1260
715
670
1025
1567
897
739
1591
342
896
909
1792
93
1447
1472
1508
647
336
421
1575
974
418
1477
230
1234
385
1738
442
651
3
1673
1759
1707
1328
219
610
365
132
462
546
1779
844
948
304
1141
1310
234
1248
1326
1023
200
1558
1361
5
733
823
654
661
1525
934
1201
536
1503
1615
1637
1006
315
1415
1160
318
1763
586
453
954
785
1009
1111
164
76
872
159
184
520
699
1269
535
642
581
1534
444
1312
493
567
1157
1715
826
1232
1429
311
1373
110
211
1238
1175
1709
876
1284
241
1623
1635
1173
92
422
701
1126
1079
657
57
1694
565
1700
1194
782
1308
248
294
811
331
1314
253
1205
297
172
752
879
1735
1610
1669
592
999
1266
1450
28
237
1774
1620
1476
1484
1256
1379
306
1652
689
672
1008
622
1383
267
812
804
488
324
913
243
1527
450
924
964
1491
583
980
171
882
943
950
1225
482
1281
191
843
446
814
774
789
1032
1460
1102
1150
1765
155
1130
1488
820
796
54
1557
759
1390
264
153
281
1382
791
1601
1342
1259
470
1768
1365
1775
1170
778
384
1727
884
21
1543
1370
119
419
1319
751
487
1585
1199
1442
11
916
497
13
1320
719
427
1690
1471
112
300
299
1233
722
675
1742
1667
665
749
1611
765
1088
1614
723
1710
1031
744
357
1764
1473
351
1671
989
854
788
952
433
1758
1113
933
900
674
968
1162
1247
1769
662
1108
1202
109
962
979
1797
289
20
963
145
1191
982
939
955
976
361
555
1461
335
518
1345
142
1398
1127
626
1349
613
229
748
66
406
167
781
1369
1177
1424
593
284
36
969
72
396
1787
25
178
220
846
910
1776
925
1516
416
461
1407
1716
1753
263
793
1598
1000
81
1065
1132
856
760
495
1427
390
716
755
808
594
1186
681
423
981
958
130
611
75
639
1562
1169
596
653
799
456
525
1443
154
1798
330
503
225
123
946
1011
603
134
392
1748
972
8
457
1144
1788
1391
590
414
1552
197
238
988
454
1791
39
1713
1243
605
301
1770
1505
1608
921
663
1467
256
1468
82
1327
79
732
38
274
1346
1245
